2347
438
296
332
2314
703
6625
2323
89
1012
337
287
780
1432
90
180
12
1417
92
176
561
188
748
1342
253
2898
717
3475
294
389
676
226
352
1541
723
1077
1295
1624
33
1490
8497
521
1490
628
401
904
417
739
1444
33
363
711
411
1103
1151
254
4526
614
1062
265
180
562
170
1065
533
1046
384
1843
917
546
1024
8
862
289
144
520
211
1120
4105
94
132
294
148
183
6623
295
166
1068
6896
1554
607
1268
377
368
64
263
202
352
543
352
1002
6338
15927
709
256
154
7369
4967
328
277
4316
636
250
1835
3912
350
613
8723
2608
391
435
8
402
1849
1037
335
556
4106
864
997
586
1843
381
1176
1201
989
849
1415
192
971
4416
15391
939
531
360
344
400
190
488
639
4002
398
3632
513
506
305
3515
234
661
976
740
312
2169
2588
281
421
521
802
401
139
491
593
424
10968
133
245
2766
921
334
385
178
213
93
414
2466
129
520
3409
9044
227
814
1578
509
183
37
317
10197
10045
1303
480
1097
4679
653
3575
2707
287
165
259
362
2101
657
244
571
778
560
264
331
862
584
1287
898
948
1234
1580
2786
1038
223
1618
309
503
527
3755
115
12
476
435
122
3497
2079
470
359
1363
587
321
602
436
343
246
1068
304
186
630
123
1031
606
320
880
147
90
311
467
240
684
4640
184
2686
655
520
702
240
527
488
390
600
2459
644
4903
3240
44
217
2089
246
191
4048
2173
507
1018
863
85
804
394
668
626
179
1267
4237
4346
838
1535
911
1610
392
4024
611
842
1033
201
618
262
583
1094
99
780
8
1067
198
2016
33
1879
442
239
249
490
2861
644
1002
554
280
116
176
2192
999
1018
3117
1223
544
210
424
138
421
1270
187
232
1980
227
515
578
2393
65
726
3268
299
211
810
7438
1012
901
1082
1952
360
318
2885
1097
306
500
601
62
697
187
431
2204
338
2198
743
128
1970
1923
261
3186
604
340
74
78
491
11864
1723
4635
180
37
816
528
2142
1068
729
668
1101
220
5266
2341
413
9918
793
267
884
363
424
643
888
90
133
1051
854
137
425
354
361
823
689
854
2000
1939
127
714
412
268
544
362
541
1317
306
7680
167
1162
658
80
290
1138
550
334
366
37
828
1343
773
81
2795
386
4370
121
972
629
1027
311
1049
52
456
689
2470
920
142
2359
2093
736
257
1828
703
141
953
847
876
1501
174
611
661
536
1301
662
834
2879
894
1004
592
398
2069
2598
3494
415
530
1966
1150
131
1880
621
1086
7194
421
1606
4614
294
244
8666
10820
343
2924
1417
330
1132
131
401
3020
122
727
2385
408
3203
275
1259
2079
805
290
349
202
455
930
512
9277
119
4906
653
492
3547
88
7439
121
1114
3827
967
112
5297
584
386
1847
1524
5307
122
840
665
3283
1536
6491
182
410
477
205
3506
1370
382
2782
628
8
7265
932
716
366
10269
191
146
2485
346
902
218
411
383
94
1904
3436
239
388
995
62
3107
462
118
1255
312
499
497
2452
2198
566
190
859
521
5242
632
495
1293
822
217
332
242
871
320
686
657
280
567
3301
665
324
745
489
12302
401
925
481
1136
495
148
88
1736
266
22103
206
351
12140
123
404
531
2627
1980
2066
138
1698
947
3450
347
784
688
290
1459
1116
647
1427
602
522
313
1040
1113
429
549
1021
116
2680
150
70
176
1417
575
1486
2104
818
433
661
168
2879
974
152
790
243
72
490
371
258
286
931
618
1959
345
1777
194
1068
726
623
1050
2850
997
403
10364
375
748
185
1095
2324
270
1448
2150
4579
1165
375
887
331
1503
575
4817
685
261
230
472
769
1114
593
845
33
697
1349
116
613
8250
178
849
118
202
635
184
211
1173
212
6558
248
1529
811
2450
290
774
707
266
384
658
2653
1407
93
861
1186
1507
1012
2325
771
384
11062
179
102
7053
190
112
173
392
1069
483
1025
1153
761
8325
295
404
2047
442
137
246
819
630
62
509
390
6415
1108
357
296
1697
1204
2269
338
1441
245
133
1328
127
225
967
44
437
346
430
1719
184
397
709
157
324
396
383
67
297
283
252
220
906
349
622
166
1175
1036
456
1270
198
2328
826
1239
5762
254
1921
144
564
422
290
442
290
3921
766
408
37
321
106
320
1267
449
455
96
303
461
430
296
12
1444
960
262
831
1072
1251
2999
3505
84
8495
128
328
861
6931
539
503
178
880
918
138
666
1615
117
469
377
85
5866
574
523
12141
307
3835
657
287
1232
550
2852
631
577
387
496
420
1616
684
382
272
140
761
419
167
520
842
70
430
541
10717
7645
694
4379
428
1918
209
157
1600
4257
48
141
729
318
369
532
1038
307
424
801
801
1497
430
210
37
376
247
5773
529
551
239
622
287
271
878
2716
567
668
154
865
1745
394
351
466
1375
1390
675
58
2153
1549
364
412
77
417
741
1438
1316
439
2510
447
15801
323
669
459
1883
580
344
483
130
803
957
455
401
46
831
1656
2601
337
330
12
484
258
4149
1616
2434
417
551
732
33
757
1403
239
914
7408
3621
1230
512
228
849
129
1014
539
1441
1025
908
97
1012
1142
85
2379
430
357
1104
2280
540
3130
130
1321
3776
194
322
152
11485
88
514
249
172
795
13397
826
251
1232
1578
733
639
692
1941
325
3205
206
3197
565
1131
922
1524
227
447
14712
376
911
610
1107
596
400
1388
1717
624
20245
925
7214
941
574
340
1024
437
720
893
125
809
427
313
362
1203
973
270
254
3015
5365
1810
3350
1030
682
866
780
374
2147
57
444
786
300
583
1086
2511
1030
202
122
1861
661
246
288
1567
451
455
2492
3579
2415
99
422
281
117
2400
753
595
2114
309
4851
1304
562
447
184
1172
394
630
64
702
861
166
450
2675
84
1176
6456
634
288
1274
378
381
177
167
878
211
4506
2502
1963
852
1369
372
365
74
89
624
2404
1695
460
94
138
357
785
459
190
1220
1289
122
588
231
796
51
489
239
8451
4214
2131
393
283
644
337
867
727
687
408
348
408
1931
426
127
3388
1385
348
147
5168
607
2290
74
333
337
558
239
222
1120
955
1016
1091
378
693
377
542
257
421
1129
1210
149
390
2210
58
344
249
274
400
150
502
682
990
1282
636
381
2317
683
2804
286
968
485
602
378
396
329
938
65
249
1956
1015
375
148
251
406
503
170
342
354
470
415
420
1346
3375
2807
316
218
1229
992
141
1358
134
342
589
104
290
440
7953
301
523
138
137
820
1123
396
631
1907
925
1490
495
3217
517
1944
300
305
3878
167
280
530
584
2379
1373
1537
1661
137
1974
1645
433
531
394
105
462
147
98
681
467
839
353
1124
294
266
703
351
3125
645
1398
260
341
5398
435
1519
255
766
327
294
383
394
251
4045
436
500
405
1730
356
369
2318
257
3273
4376
270
1994
240
2940
469
1260
398
1300
7114
432
120
140
1355
3174
1739
559
486
559
299
33
142
727
1111
73
225
196
1145
284
330
9792
870
1068
530
2953
381
412
393
549
446
184
2107
14537
121
125
538
400
361
900
237
96
794
971
400
290
339
678
290
640
5051
1749
361
297
569
2362
397
348
505
244
290
9817
683
2584
3814
294
221
1419
4747
1002
611
916
837
927
17498
628
4278
4352
357
1481
359
192
3291
3501
654
859
2143
2783
1196
645
7151
120
291
550
434
5331
1137
1120
357
322
59
405
989
1060
2644
10080
94
122
421
1182
512
360
973
294
2705
1048
256
1799
8
2389
407
973
2636
4179
3253
290
1003
326
1801
4606
1845
1799
810
1036
1683
1124
578
390
599
483
326
855
3250
3198
382
781
629
299
357
1385
294
1190
1061
440
2397
22830
805
2463
3064
14528
143
2537
396
835
1544
810
414
15144
144
778
2530
4849
134
607
3441
536
553
326
1108
525
2485
410
12662
2270
4331
839
577
844
1551
439
3862
130
641
175
341
1490
548
821
372
2598
296
925
3965
3687
1917
588
117
2894
167
367
337
923
574
763
204
1395
609
8
433
52
8770
202
843
4359
254
945
6264
602
1642
710
2063
92
81
397
138
1921
1152
253
189
1111
6629
431
1342
253
348
450
155
184
1501
883
364
849
722
8510
2078
5777
247
46
650
2732
929
421
251
1215
718
1290
1988
141
116
504
212
1147
1224
435
401
110
337
300
749
149
5943
205
307
797
470
1078
58
1147
685
354
98
555
321
1470
476
366
1619
103
1038
371
587
123
626
1542
572
236
170
557
118
300
212
223
545
765
1340
1234
588
499
202
854
237
4817
942
2716
10328
561
500
560
765
286
614
1646
106
583
866
1174
272
707
233
939
943
251
62
480
1468
1446
2041
116
740
373
828
1371
1034
387
2636
576
12
556
439
390
755
1621
453
343
603
100
609
803
3906
490
937
6443
758
166
328
249
2011
590
638
226
1310
2656
3565
1399
641
524
361
1103
260
388
362
1082
167
182
1070
297
111
286
822
1489
510
7732
3748
257
107
2924
847
456
283
856
672
1835
605
216
2098
3580
689
1015
194
20076
1767
900
17358
974
524
365
248
1445
45
399
336
176
878
9024
3857
354
2136
13982
67
294
251
159
5052
444
240
1239
1115
263
3068
730
255
650
1147
1505
575
618
107
362
788
1248
500
1324
392
180
2654
1385
879
890
1530
1944
1318
1055
128
468
52
290
279
1222
2540
123
110
123
2564
225
112
625
202
15741
375
190
227
1897
2055
403
263
975
1725
638
527
1794
459
698
261
1399
805
98
1125
1338
529
214
3001
2738
363
191
559
608
5184
293
64
4478
177
5261
179
3130
133
392
947
103
308
389
1545
1131
653
88
350
9889
6553
294
341
960
195
6377
307
418
967
63
259
913
46
300
52
750
1437
1386
214
209
5998
1192
986
5166
1338
561
7766
544
135
15610
9930
519
4715
1001
1386
516
37
2161
388
52
1157
1014
497
191
3253
73
344
488
2376
610
1735
300
294
718
923
33
520
550
387
414
522
4009
828
339
204
269
331
432
1144
694
815
482
436
214
480
466
6109
8
502
214
333
825
1422
364
655
37
684
387
1561
98
722
883
405
149
402
957
389
2934
182
265
1483
1025
1094
14759
194
78
1633
191
188
341
983
1013
1204
337
525
5242
4995
955
2229
602
438
371
479
44
2715
388
380
373
1622
1744
3526
119
1965
343
99
642
1143
168
198
1832
754
538
559
148
140
362
497
383
86
699
947
321
524
592
495
8
298
137
1547
4770
356
338
1114
271
360
198
1284
261
205
297
1119
505
2940
822
5519
1515
5135
920
668
3051
507
475
2074
2154
77
239
552
465
1759
871
77
8
2802
2070
769
243
870
608
895
1087
46
842
2799
264
238
295
122
158
888
541
261
130
1392
9915
313
138
1856
502
68
5582
398
293
117
1383
840
896
3335
154
152
2371
10865
2516
6787
2410
377
316
1092
547
1598
214
203
1075
1500
2273
2866
369
1739
118
194
1573
269
379
2860
859
380
266
372
45
418
322
3265
550
1343
345
568
1931
964
4170
1637
1662
13310
141
427
1111
228
105
524
210
552
1118
246
5546
488
82
342
1386
960
662
983
774
618
90
3707
341
7857
254
675
1791
161
483
549
694
341
382
1111
1015
342
665
436
395
9176
125
308
1016
3673
110
611
556
764
1616
360
278
803
547
4985
408
338
1275
13730
432
338
1822
401
802
1411
9806
12333
269
2321
1491
985
813
289
1051
408
1125
182
548
337
615
2593
14147
394
677
2243
856
542
660
295
423
2172
299
213
2242
469
619
783
68
358
177
728
971
3935
389
312
734
624
472
10522
398
137
596
337
233
917
499
2655
2372
628
483
490
326
62
538
2408
326
237
287
270
417
80
2312
830
1805
388
1996
1606
12
506
598
9525
1303
542
416
296
300
3527
487
537
8551
180
255
830
44
182
12
213
308
2678
391
518
677
673
1352
119
713
1844
411
158
774
1477
1148
615
485
917
412
2007
2083
534
153
3890
1259
2930
243
3062
403
64
360
1926
392
15802
127
162
12
514
674
2245
2023
2576
2109
857
269
3817
342
1832
847
77
1983
382
397
199
726
922
373
691
290
720
553
2236
3037
2048
3745
518
3713
1016
284
568
1358
254
550
1439
629
3991
620
3733
427
683
90
11098
224
489
873
924
936
123
266
52
614
574
474
483
3685
233
402
450
419
11113
369
1461
2501
380
382
770
298
352
3268
295
1743
2224
548
495
384
4049
2387
1370
2470
502
482
470
244
466
561
1378
467
477
125
94
13915
2492
514
1218
456
1327
72
408
422
1028
281
406
1360
187
475
503
3521
283
3324
664
628
1141
356
682
322
838
311
187
499
613
2418
118
223
94
2381
1992
451
539
2523
388
664
461
414
1100
103
312
8
466
3848
6799
750
13139
1235
86
104
299
76
634
97
852
1056
1180
2951
1071
261
429
432
161
297
683
154
296
17771
463
2966
9019
709
33
4736
370
741
151
906
1060
2500
3698
2794
1717
698
429
2530
258
655
554
290
1172
2939
143
643
2445
326
1259
1197
391
1585
1404
341
1770
979
292
549
1046
1751
432
1281
178
1807
842
408
2280
287
228
3094
265
529
703
990
324
259
272
4014
8226
498
2514
2426
921
653
1016
229
213
1306
435
1513
916
309
6212
424
3925
293
789
536
134
451
469
1735
3484
243
475
3425
1312
704
7068
116
490
57
191
204
4034
2542
528
456
80
1361
446
1444
3207
1149
399
688
764
4311
880
292
1214
2629
1272
373
11143
653
884
2192
513
991
465
509
176
460
3071
484
256
1822
753
3166
1985
467
655
223
499
663
3757
3349
258
401
405
869
139
538
2408
614
139
140
161
932
398
2000
140
7003
828
1609
356
1508
405
330
98
585
1937
793
2903
399
425
168
248
1369
500
146
637
980
1387
5072
2375
3143
532
116
104
900
505
15053
504
453
651
237
687
366
364
493
764
1137
662
78
560
646
1073
296
763
462
351
287
259
722
1212
96
421
100
662
2745
453
2906
443
710
1408
429
1335
136
261
1486
694
1546
65
332
565
359
578
300
615
16639
66
111
46
728
243
253
291
1324
2591
986
382
8815
685
726
1974
554
337
1508
4175
295
1027
375
2536
259
357
185
2356
619
296
524
53
240
2799
412
119
33
419
236
12
953
406
369
1179
465
314
114
1736
664
388
19571
1339
642
396
218
278
8
45
244
324
3563
285
3158
1082
554
622
528
585
520
4538
932
330
307
516
387
1019
2251
1572
94
681
602
692
572
12475
1082
261
1215
664
2083
109
228
4191
582
163
2243
796
33
18486
674
3042
450
599
451
1396
299
395
1289
113
10839
538
319
495
294
330
63
81
1379
1621
435
740
2535
338
96
435
626
6210
368
426
75
5409
186
255
1520
439
496
280
1635
891
450
1295
643
557
15535
562
449
617
48
257
831
584
1302
535
92
314
505
923
10213
3023
1154
2423
284
7523
198
400
496
363
103
101
288
4875
5852
278
1074
2405
120
8
655
88
655
470
81
885
398
1317
555
362
770
2852
878
14746
387
1273
1041
444
1544
1398
1396
121
345
1248
686
723
322
449
2761
560
726
709
412
2091
8
37
581
470
2459
371
3111
1232
1011
416
1000
2959
4173
1185
428
1024
2017
1011
286
640
820
889
69
535
2324
1486
510
402
962
294
153
942
299
451
311
750
184
112
375
163
1039
888
93
504
314
1493
1927
7379
85
282
289
216
604
3608
71
362
3886
283
1502
812
11149
419
588
884
387
622
560
848
859
110
741
817
718
1008
327
85
767
16628
262
839
78
297
265
554
338
921
2176
859
262
429
415
4093
1799
2100
185
1569
613
681
82
1848
790
378
240
4107
346
235
460
608
540
293
626
1439
57
1142
1065
1225
2587
206
918
716
642
144
423
467
1056
675
591
202
5020
3803
348
2420
1203
1645
1372
297
577
1920
605
1117
1111
377
3211
345
445
279
86
3446
375
604
201
3048
411
2605
1097
584
59
566
733
730
748
187
2016
442
261
1990
650
320
122
3864
919
958
873
1406
1910
586
1118
617
4792
3887
697
2299
496
1388
1163
299
3028
96
636
740
627
258
703
2547
629
191
239
268
450
987
176
1848
932
12680
730
67
189
1087
196
732
160
510
68
1027
285
4435
476
4345
240
2358
882
1618
860
742
351
545
275
298
351
90
147
12
6575
615
299
143
338
713
616
224
1088
485
319
559
323
430
912
1192
211
431
452
2984
897
275
2762
1656
636
387
292
369
280
498
2303
61
556
645
179
1302
305
10529
138
33
1260
3278
1020
297
1121
111
1178
6324
235
1529
303
938
64
917
122
110
805
878
1013
431
64
137
269
954
2007
841
336
469
311
1825
290
1240
118
252
299
503
2606
521
493
6543
64
389
1447
440
2966
212
12
199
1178
865
2384
387
163
536
488
2386
129
512
264
329
1572
1468
443
4490
515
1150
76
417
217
308
740
312
3442
403
16126
8
165
376
393
1469
599
267
1683
625
840
682
884
222
1857
918
2090
852
569
418
617
2147
2083
559
340
178
1305
4752
192
1327
7094
878
752
1334
872
583
2177
68
739
473
178
604
481
898
8178
381
261
100
245
2344
300
33
46
534
2287
2139
435
211
187
1064
941
6035
562
699
3105
3861
769
509
45
2245
284
254
374
17220
792
357
4940
177
485
99
299
831
2981
1520
188
1459
297
387
2393
750
336
819
412
370
463
2905
99
44
260
437
269
1573
191
524
295
393
1076
13792
4915
7043
1666
2744
636
410
109
473
435
4125
3728
247
904
182
1839
1510
4262
291
585
406
1437
497
350
279
1245
157
855
10169
928
3140
835
127
844
182
5102
33
152
407
755
313
105
691
893
253
12615
1376
12
604
352
684
887
966
1949
776
17189
156
801
116
8
1804
4811
492
260
357
3025
450
192
649
1385
920
438
918
297
33
1160
496
536
111
488
244
1075
1488
1081
1840
86
1131
362
1437
349
223
219
568
498
845
1765
400
170
584
15708
2825
175
880
896
58
188
996
1037
289
552
191
6213
661
1133
305
486
3635
1289
988
965
12974
444
386
1280
821
152
14038
477
1754
271
474
1388
290
269
362
366
176
136
1533
2327
391
143
591
737
92
132
521
212
1130
613
1876
402
793
492
391
611
226
1181
372
415
789
340
605
752
1492
1187
164
5957
52
948
321
101
114
739
16595
54
1124
244
780
1518
850
470
12
754
1765
134
430
307
4083
337
798
2329
407
252
2666
2248
1405
1194
650
351
459
451
442
718
496
696
627
1948
289
2532
288
2623
677
95
320
416
282
707
184
46
398
261
462
502
5601
46
510
157
290
4830
181
2425
297
154
175
279
251
318
972
560
583
1428
80
401
262
813
8566
150
2210
1164
756
922
485
3048
194
389
459
46
853
645
46
407
450
610
301
388
104
17226
626
10854
480
627
103
226
3772
11682
3182
411
1046
1947
790
3141
4383
4146
292
161
362
1375
400
1450
158
303
243
127
2700
880
608
640
1056
447
1124
1883
1201
5190
341
1981
2365
195
443
290
1868
431
184
664
170
2794
2286
805
518
968
596
1179
605
763
955
1030
3904
574
1021
263
820
670
520
322
180
187
1890
533
581
286
85
1306
3000
265
634
3627
1192
313
357
643
141
3668
336
145
660
95
1011
320
339
2529
457
403
920
932
3367
94
1033
825
299
349
250
346
9355
103
963
96
567
8140
472
642
1011
445
2223
461
609
2353
2463
320
87
182
2430
390
2871
1792
72
1166
52
74
52
122
5645
346
674
296
657
403
1658
290
419
340
55
255
597
409
339
466
58
206
172
1069
4702
284
435
2709
428
757
487
378
243
46
437
548
553
1604
445
1131
65
4178
1177
389
150
853
319
687
882
425
405
4722
586
2969
371
611
786
569
421
749
927
609
255
851
1980
482
412
1378
227
244
1266
2442
2461
641
1500
2083
950
1056
675
1296
1235
483
607
772
33
454
309
768
3749
605
715
1015
453
431
64
591
1369
429
667
323
3263
1010
1528
761
320
450
359
3000
2034
328
195
1472
570
169
837
690
320
1330
303
833
3134
146
6834
3329
1198
74
798
15708
384
400
153
2652
906
3060
4833
375
242
327
443
161
264
872
2493
464
1747
1258
86
225
232
659
292
5410
1110
711
1046
401
382
1218
3608
514
188
510
2590
3266
140
503
2143
186
827
163
1527
2701
2865
388
508
169
210
969
139
787
1928
261
1293
535
358
1236
1286
733
2145
5663
143
428
789
1418
210
474
616
820
697
245
344
4747
299
686
391
2145
584
626
623
666
933
442
432
177
387
203
2493
554
239
405
429
133
514
612
2671
2546
33
61
7981
4663
6509
154
441
255
620
809
1485
615
1693
292
1170
629
511
451
387
355
793
2448
716
9561
1541
919
430
75
5408
273
115
1469
128
316
420
589
68
938
383
865
208
1891
832
4363
1010
205
174
559
495
206
863
230
935
386
1146
697
44
5125
604
2678
283
2862
2815
381
171
64
412
720
1948
951
1827
371
139
1453
1994
337
185
150
569
499
684
621
1003
113
553
421
1540
1376
90
855
11377
186
1004
112
194
367
739
1753
203
94
832
611
6618
2121
1594
104
354
1148
344
2859
2326
256
476
5067
9336
64
1771
910
816
265
3708
325
3231
1338
420
176
220
2849
256
435
389
409
3341
581
466
766
559
553
1038
970
249
331
249
226
1609
191
175
472
1269
700
1130
2734
821
98
337
267
382
2989
353
223
4003
789
904
513
1398
196
1400
205
2047
328
4769
5988
509
532
8738
437
406
94
887
2533
261
324
2405
1245
760
833
2636
593
2600
2466
215
1889
485
893
263
555
1416
418
3251
1032
1448
113
52
46
512
3149
630
440
620
1103
200
462
1656
971
148
1780
134
365
44
718
1768
831
2498
337
98
55
325
227
2280
209
1736
95
590
88
206
782
528
1169
3054
375
296
86
1243
287
4445
2425
384
3720
431
421
258
415
888
65
14517
338
360
3448
1765
601
400
606
454
216
2434
594
345
59
14987
4649
1116
1216
529
319
247
1385
1815
269
427
415
175
1266
2710
239
15450
993
1123
254
5973
2232
53
110
552
449
1467
203
489
259
589
846
298
2919
1106
895
1286
3234
326
177
159
137
597
74
225
138
895
1291
770
1429
466
1083
1350
699
552
1016
995
630
6005
474
247
80
1190
743
459
2388
3502
748
887
380
244
2576
497
110
116
360
2989
695
200
3120
945
768
1284
69
956
3201
484
285
837
380
517
599
488
33
766
580
263
2702
642
52
320
1807
408
1489
553
2714
738
1370
579
413
2075
563
712
802
217
417
3084
1275
1664
762
195
3014
485
2776
6084
2507
164
2057
560
307
291
676
3536
37
1086
297
5332
1331
887
534
598
467
380
316
97
417
226
118
124
541
1603
305
12
611
193
164
9555
1730
14244
354
504
1803
464
551
549
8144
122
321
403
755
116
870
390
388
360
348
462
3404
430
4061
405
254
693
431
214
484
1795
1703
249
161
632
245
888
388
369
384
411
167
33
1257
255
289
89
591
1772
2288
3124
1075
1733
320
483
300
470
2627
2093
1722
302
3169
652
147
697
401
261
1720
382
325
46
270
6096
400
17460
147
6565
287
1012
2269
646
217
401
194
1384
1147
3512
1175
435
685
2239
122
1083
489
33
8
1153
292
2499
1142
2563
796
180
605
239
747
454
1308
283
4282
2631
395
138
4558
1074
803
227
2019
262
305
2675
422
458
438
501
736
743
1114
1152
1121
2581
1189
1550
3887
879
2853
265
1760
1883
700
953
2207
157
409
260
709
379
697
326
493
225
287
661
180
958
140
134
595
46
759
498
522
766
203
1354
352
441
425
3902
1528
844
692
655
460
266
478
262
235
730
316
1015
732
692
874
476
575
1733
1118
1992
522
4026
6616
614
489
1734
854
1768
338
290
1224
359
391
7466
118
1218
378
646
2093
2094
290
1474
108
165
1924
54
81
800
541
300
3353
417
400
7480
149
468
854
735
2821
54
524
146
123
178
1103
317
353
1054
3109
532
811
3805
62
297
1165
829
1437
431
436
584
2343
2745
260
167
829
2696
1278
345
415
140
460
352
2978
453
846
1491
239
9194
225
245
227
350
808
137
514
646
2785
701
1312
430
6528
1552
1226
1837
2023
189
2096
1700
299
556
851
587
95
12
1676
4869
419
263
1189
1470
4211
737
677
67
72
215
1127
1153
288
369
274
984
369
288
598
687
236
511
174
348
450
951
3627
1348
1254
493
128
385
669
2127
427
3047
3651
835
286
463
464
592
934
590
413
365
384
834
1072
485
240
299
297
324
1701
3444
207
112
734
162
391
2438
465
303
256
606
116
1202
494
522
12
17475
234
133
744
1005
765
12
264
18705
797
3534
93
328
163
361
461
679
226
469
393
1092
6040
4397
239
1031
1976
299
1228
1069
402
867
63
3278
314
261
2564
1088
725
1493
679
8825
1789
1150
186
715
354
663
568
563
817
160
254
5133
117
3250
1135
555
845
4494
620
205
507
37
844
262
450
611
530
153
714
3542
462
8
854
8792
931
249
1019
269
295
3776
770
255
374
298
495
4945
527
42
2534
409
840
373
776
3148
261
45
1910
404
263
328
213
17159
379
911
498
422
452
256
651
33
700
199
419
437
5766
193
67
305
112
854
3818
103
212
777
574
291
825
741
496
431
8
384
96
672
430
3694
490
1882
118
3293
352
327
12448
2126
166
403
1027
184
74
328
174
447
166
212
3071
269
471
321
142
294
46
1036
301
1184
46
1712
433
977
4830
58
433
220
2471
381
8199
546
2034
239
133
332
240
723
734
307
491
261
2090
2596
737
331
1026
169
762
105
439
778
2533
1422
618
628
872
299
872
116
487
1823
89
167
7909
123
95
291
690
778
118
411
217
378
7082
12055
931
1589
793
935
357
1548
317
503
624
155
1931
1073
1263
316
744
395
252
9497
384
1265
430
118
535
11567
263
3494
261
423
37
3075
1136
974
456
183
14304
3268
5781
662
398
1622
908
927
8600
379
5623
3118
220
493
704
529
289
442
1078
4199
160
11586
2828
942
283
901
465
2883
527
709
1280
2000
931
445
313
417
625
252
1209
2258
606
413
3740
295
1067
528
277
746
281
2108
1984
460
485
385
2264
5198
774
463
187
993
1057
165
332
535
2784
742
1402
411
490
348
457
168
116
482
1341
404
92
204
1485
322
907
934
93
898
516
277
1087
914
349
8
239
4219
448
466
369
509
273
165
140
3658
3383
419
716
1630
163
180
748
6997
380
6192
290
908
630
2767
6748
332
149
450
195
3544
1457
1552
1342
527
265
4354
2001
1082
1203
329
540
157
2864
290
656
16434
194
2190
183
424
3068
572
261
11077
1708
296
1812
285
3920
3050
70
46
219
406
496
143
224
646
367
311
1707
730
2046
1168
280
160
331
46
1058
347
2118
208
185
165
229
944
624
566
884
67
261
1527
469
8506
294
8
764
1016
850
467
575
5282
91
714
825
369
1482
442
1331
2089
1034
3036
915
162
54
140
184
396
1422
483
291
1283
224
4582
2482
527
2693
1301
174
1775
1459
116
5633
435
305
1497
1186
8583
2314
2869
230
967
445
466
476
295
1809
157
426
456
853
898
504
16727
636
665
395
8
478
1001
239
5000
413
1284
1109
4459
609
617
9142
13510
636
420
1154
179
94
930
728
712
171
615
151
1858
661
988
103
334
1132
89
429
423
2570
938
1152
184
3264
405
3618
55
1272
462
331
1240
483
940
123
724
416
245
1469
793
1439
486
7641
465
1543
77
115
931
251
707
3775
219
2227
11577
385
1094
453
1015
6084
925
45
297
215
4449
4756
450
3945
2156
167
388
798
1314
448
510
269
132
2013
4321
1526
529
194
531
453
541
332
2784
718
363
410
481
198
655
67
163
503
143
725
942
523
1104
1546
169
101
450
91
301
159
337
479
1632
468
174
2548
11427
4291
1557
372
851
433
2776
633
580
1184
1675
542
414
417
531
141
3233
1552
358
215
274
466
2272
46
245
885
554
773
401
705
1705
3305
393
1127
499
335
411
684
218
166
161
312
67
432
6693
2753
67
216
142
8899
3579
1301
360
469
254
8399
425
1185
255
144
5111
519
33
1742
42
140
295
2223
668
2330
993
1537
1164
1010
470
559
1421
917
190
375
388
361
33
6982
456
372
525
7055
1884
884
555
3334
333
204
1398
12
1101
985
712
2985
582
673
321
289
8602
721
431
247
296
288
138
674
1314
582
87
156
172
865
707
275
12554
649
2273
411
224
896
157
428
353
320
895
112
884
320
175
495
891
125
301
175
3699
2355
1054
1362
280
479
1846
8736
1133
637
125
57
1085
931
405
471
254
391
307
511
15195
141
1214
550
512
1815
453
590
523
3947
4310
1538
2507
476
1206
577
1054
11409
553
263
1198
1139
1685
1239
12
1246
10566
95
561
104
2666
158
339
366
86
918
52
1827
391
7514
290
8690
1782
500
645
3077
830
2430
196
5915
1493
45
657
9282
13990
1639
308
433
297
705
64
1245
248
461
2477
965
937
620
5678
211
549
3218
99
459
1723
349
390
549
371
261
2801
4962
2005
906
499
500
2945
231
445
1678
415
3570
146
7323
497
2755
141
1484
899
3777
553
350
226
239
425
342
668
756
12045
154
703
498
969
735
560
601
8302
2806
896
2327
4165
2009
316
103
898
1248
142
2071
607
3815
1339
328
968
337
1095
122
1776
173
722
231
1234
674
782
365
4258
157
23010
10024
223
862
514
1426
216
203
675
2210
475
486
539
322
221
239
1031
998
2071
112
9248
2032
5209
165
388
331
949
322
186
889
470
284
332
430
386
630
440
431
828
149
221
587
531
574
956
91
596
2071
1330
803
314
489
12718
989
2885
1252
3040
62
3879
1182
76
288
491
171
663
268
297
1457
187
2574
107
375
846
276
15509
12
530
480
63
100
775
1029
602
3255
211
559
418
689
1459
502
990
770
335
2006
540
1966
884
291
667
329
8
483
100
381
382
202
1744
604
1198
525
358
272
588
298
298
167
407
955
497
555
2887
233
1341
1412
3286
797
300
16562
2086
81
76
547
970
1125
3689
14722
552
1003
281
1088
103
1436
44
411
507
276
280
382
612
156
789
407
560
812
1565
423
101
683
53
1809
166
292
344
294
553
150
449
2298
424
621
248
929
12
462
407
205
485
398
246
1051
1911
371
853
1075
1019
261
582
524
1584
9902
893
431
187
512
255
282
2319
146
707
1142
291
4753
1397
412
2223
417
517
2691
227
3980
1178
4577
399
861
803
1194
2992
1785
1203
522
187
788
2799
33
2090
239
8
161
655
528
115
3856
760
10195
68
1156
71
191
628
557
220
715
343
391
191
284
146
1623
224
641
3468
233
682
401
745
14561
96
1376
667
253
767
289
301
524
1496
411
276
1170
582
2440
166
330
257
37
412
225
564
11658
416
511
263
116
102
582
938
240
525
6161
273
77
454
33
869
1979
139
177
122
283
1341
577
300
677
137
288
408
447
439
525
1818
304
116
1008
249
249
521
3063
900
507
738
4087
88
346
1082
288
3365
903
1686
293
2347
254
1440
352
722
184
822
250
11943
2595
2333
284
355
1406
371
369
518
134
2796
1342
1592
532
334
9315
531
1128
416
645
109
442
84
453
1437
1682
326
122
375
252
12
412
694
2214
326
580
152
374
676
931
426
849
861
3863
388
513
2404
2223
273
256
1678
557
1177
1737
835
265
245
381
914
229
713
1167
409
3100
1392
161
826
551
422
436
1176
137
5139
2535
373
65
345
1481
329
1832
3194
118
259
2096
706
557
341
2851
84
164
101
287
433
593
619
1626
139
510
4141
3296
106
345
747
1805
304
407
134
315
831
1758
453
94
155
660
120
253
1416
9893
37
259
852
619
319
292
292
292
125
421
128
593
497
596
2761
2498
987
311
1332
1415
3109
381
403
4486
459
6261
1813
571
662
294
431
3028
4451
610
972
449
447
669
1647
2129
592
626
415
138
436
646
904
12
101
279
179
312
951
12
506
4189
1598
3452
106
951
761
5561
555
305
880
433
672
122
42
887
430
794
1052
483
182
280
927
1958
555
307
337
7611
101
209
3285
4207
980
681
472
1201
813
470
259
91
565
1217
485
2266
286
1184
1211
823
1001
888
609
1331
1059
2236
582
146
878
3182
406
5517
1210
52
361
388
1998
351
728
119
298
269
871
687
1064
6375
1337
650
1822
101
300
503
3890
1896
283
24573
787
46
548
3936
438
97
339
640
258
558
1034
1530
789
901
1809
7671
847
211
2073
374
297
1845
289
462
99
46
1217
1796
13469
253
345
86
1758
269
288
9439
775
619
250
1086
376
257
676
548
2151
893
514
78
299
60
749
695
579
1078
2726
472
1994
777
3468
14212
397
337
490
782
5153
1203
1115
2558
1958
611
1168
2292
164
1270
4313
385
446
2834
725
658
44
667
249
264
1685
415
1380
247
1067
170
259
605
396
98
3166
1919
479
978
1151
309
7830
348
2664
1433
555
470
620
387
249
392
75
849
750
794
2537
419
756
719
33
1180
388
298
1270
4335
99
2951
1572
7421
348
691
155
98
501
2070
2549
766
2710
205
551
971
479
290
283
2051
988
104
688
612
852
442
102
663
894
291
1012
5070
429
6360
401
185
488
971
419
588
1155
915
640
2733
362
591
459
197
8754
413
260
421
294
1803
2862
591
308
1442
494
724
1417
351
166
588
330
533
479
836
3677
37
1225
1189
685
334
231
138
62
489
709
147
99
196
2975
601
85
1138
182
46
1000
293
283
530
794
676
296
473
1338
461
327
127
487
422
1007
410
451
8
285
3144
447
1352
1473
388
2505
109
278
1288
121
355
497
332
122
1618
5377
3158
303
45
254
560
2068
1472
110
1416
372
121
836
535
356
144
267
586
296
1150
630
3995
492
1031
1112
484
217
239
906
525
1406
7768
379
372
7322
956
2877
297
138
4639
551
2357
268
176
5428
388
2588
4464
958
870
249
115
2638
5207
13066
2688
392
752
1042
636
52
199
3003
478
104
10852
307
87
165
7007
312
95
566
573
37
873
382
202
3554
322
1546
450
505
183
121
9459
146
1274
634
186
7844
531
452
102
3126
1617
395
424
447
1724
315
430
290
311
291
465
8344
1189
2032
143
177
435
63
3099
293
2516
3115
1217
310
342
180
3090
352
1071
154
385
1190
1501
425
874
524
177
626
514
37
111
370
127
206
559
1018
783
105
2951
365
242
165
5472
1250
376
1038
573
93
541
1479
261
348
847
919
264
1472
260
851
245
419
149
309
513
408
341
266
33
427
417
1154
866
288
37
630
2437
929
555
1074
431
440
80
132
732
303
408
651
284
1392
357
858
378
7518
382
594
523
186
69
1082
844
277
257
321
1781
112
104
505
495
2216
301
971
1959
3530
3425
595
1840
7665
316
498
384
1573
432
314
4864
12
406
345
304
476
2963
4557
486
8191
379
3725
442
85
102
4496
113
323
1236
497
744
427
1087
432
555
292
1949
745
7191
446
6118
285
44
6297
724
8795
146
157
2458
346
525
572
466
535
3223
289
1117
398
3937
549
381
2298
1295
975
287
882
51
298
1112
948
579
919
714
460
465
484
166
180
902
769
972
8361
2014
320
434
66
3479
1891
37
440
843
74
199
1387
483
341
61
373
45
4041
287
573
983
886
170
314
426
722
1104
270
620
2809
46
104
317
661
143
418
388
412
507
4306
124
429
850
188
216
468
85
231
3637
7367
1225
135
1071
688
1709
610
376
463
6764
155
4031
1653
325
294
1086
801
4820
1790
1109
2945
1282
393
395
182
3576
45
444
838
501
484
309
253
4233
1096
368
541
297
430
352
159
387
497
225
745
206
324
353
296
1383
7434
886
302
212
399
2344
230
1575
3084
11990
111
2414
305
420
337
338
790
597
732
511
856
849
91
37
983
401
169
143
212
1114
631
401
538
1325
381
224
594
669
294
265
202
1527
281
11135
3540
740
396
251
3642
52
2680
226
354
820
1818
12884
489
119
428
971
976
916
432
215
840
830
915
2682
1018
137
1748
468
4636
374
357
5057
1230
87
2655
1422
432
226
8
3160
154
607
583
124
2813
296
10892
3541
4369
269
352
264
602
1059
658
302
116
37
1488
433
5609
813
1129
1218
1298
2091
419
952
118
538
460
2002
958
3963
317
425
1490
3859
110
557
412
409
558
620
1078
339
46
2201
4549
639
4782
1107
719
287
397
355
100
340
354
585
513
8405
142
843
37
999
2587
385
4222
2486
254
60
372
582
1728
748
1924
707
1411
3856
1115
1529
1308
115
872
212
224
45
271
1283
927
5455
701
3433
60
679
756
1543
1308
385
299
90
12053
261
493
987
1238
349
3339
1230
1055
522
376
33
427
265
1389
130
253
304
830
353
1428
967
1757
122
393
205
297
652
278
359
338
437
2650
748
446
2266
435
538
1083
2751
529
150
457
111
549
578
288
4582
3144
1312
570
457
350
203
4632
1107
395
398
352
2116
219
416
902
2362
2381
355
261
690
1428
490
395
861
249
786
2637
951
464
212
354
771
2906
258
766
318
1077
975
1520
385
364
466
1158
3546
631
746
2570
7525
324
122
291
1017
388
451
230
1569
100
225
3156
4908
3618
472
4278
2027
622
2616
729
720
884
128
538
409
846
301
3796
618
1833
619
460
1175
374
709
688
281
704
99
424
449
636
643
485
33
938
725
2153
94
204
156
591
1161
1306
1010
745
3722
1325
2405
584
871
1844
668
718
1178
6904
393
554
377
419
332
4963
642
489
574
125
440
412
487
46
1450
665
897
750
631
3056
465
1052
2000
419
2018
362
792
409
1125
750
1417
62
313
1165
75
2630
65
280
293
296
398
190
544
956
915
687
412
976
560
1642
212
154
442
256
1124
135
1331
1345
215
105
104
262
6244
4267
80
447
1593
594
1398
11009
8456
1011
1345
730
873
643
765
1684
1078
1175
611
1365
942
287
2302
2353
1167
523
320
575
1856
133
320
1191
596
322
300
11709
715
326
56
118
2815
596
1310
953
5774
677
1105
972
579
1548
296
185
517
425
3869
630
411
290
1630
408
3903
411
889
296
700
638
611
573
378
101
329
116
3810
2646
3991
8324
1509
132
803
1172
384
1253
37
134
404
315
522
819
68
4543
339
92
799
2353
730
333
11132
169
553
1180
339
2490
271
103
3971
374
918
2320
1634
2697
46
150
1285
87
991
259
228
450
169
118
463
13392
5052
2632
59
1161
363
474
128
454
6118
468
429
381
267
248
1489
1236
2235
2354
190
2712
1469
1078
288
435
226
102
938
329
1554
3659
355
372
1449
258
239
1376
291
127
1088
2231
142
1128
363
1028
926
926
2005
469
337
1096
280
586
620
3545
318
3094
5456
1928
2194
542
330
265
433
417
420
375
177
572
433
1374
1131
674
307
290
1601
6544
404
750
1203
338
1335
992
415
431
827
296
298
2352
3409
518
1491
92
256
2793
6924
521
3490
239
176
317
663
944
554
271
4249
1853
52
497
636
1094
5069
221
266
3220
1351
342
56
10270
3203
80
509
679
344
237
216
1075
694
8
923
394
222
496
705
508
203
3379
290
1031
1995
3649
1026
3028
417
993
567
2743
2566
294
1979
409
108
385
401
304
187
5183
1136
194
387
482
1152
1449
192
495
1832
1345
421
5156
239
167
264
447
394
207
526
5120
152
496
405
488
239
739
3980
415
253
2125
421
1901
381
80
45
102
261
2813
486
775
1486
1720
1070
135
224
142
174
192
344
80
173
1416
1553
499
648
916
429
130
320
676
2243
1575
271
790
379
297
302
4225
406
2135
255
767
1623
491
415
374
19043
618
287
693
727
1369
4841
357
1052
512
1812
260
3718
161
291
119
114
379
236
1307
2049
8624
2555
186
465
542
533
385
878
454
1419
341
1852
3286
403
325
394
847
351
426
6643
355
394
2209
15594
8345
1778
298
826
1658
2953
3776
3816
264
1170
818
204
997
760
369
1884
563
437
722
1724
379
141
463
8309
401
4815
359
1271
525
314
64
476
623
482
1542
417
415
1469
2751
330
694
153
224
716
1227
2576
623
166
2320
1326
1366
1133
597
605
369
253
673
479
111
415
569
1822
2682
210
3454
945
291
636
3187
103
1381
1270
2399
1080
246
2042
534
252
4834
303
403
1469
994
249
46
1098
173
1438
303
2002
649
1338
887
573
173
553
290
1283
1188
859
1763
323
2502
999
469
1289
2879
1509
377
520
661
915
465
288
409
14007
1251
184
219
6035
183
489
2489
498
417
197
210
8
961
4422
304
680
740
343
1619
212
633
258
340
1938
1561
1491
7721
669
174
1299
295
12470
700
2557
342
1569
190
1477
388
617
613
760
601
1012
222
2423
53
2506
1273
563
3422
705
415
608
1420
1201
295
925
1708
586
303
540
652
493
712
896
6293
1158
84
682
250
533
972
339
367
103
541
74
214
145
577
1325
75
1352
140
521
1401
1276
276
483
