2347
439
297
325
2325
714
6625
2323
90
1012
338
298
777
1429
91
187
12
1418
93
177
603
192
745
1343
257
2934
718
3472
325
389
677
227
353
1557
724
1077
1295
1625
33
1487
8498
522
1494
666
402
964
418
766
1499
33
367
708
412
1104
1151
262
4527
615
1077
266
180
570
171
1118
534
1047
385
1851
921
550
1025
8
887
320
145
521
212
1117
4102
98
149
295
172
184
6624
296
167
1092
6897
1555
604
1272
377
369
65
264
202
353
543
353
999
6339
15924
709
264
155
7391
5035
332
278
4330
637
251
1836
3901
361
621
8734
2637
392
469
8
406
1884
1038
336
556
4126
861
994
587
1859
381
1177
1201
990
850
1488
193
972
4413
15392
940
532
360
355
401
191
489
666
4014
395
3682
514
514
306
3516
235
678
976
766
313
2191
2589
282
422
563
799
402
140
492
600
425
10969
134
246
2774
922
421
386
223
214
94
415
2467
154
521
3402
9045
227
825
1633
510
184
37
318
10240
10049
1304
481
1098
4698
654
3583
2708
305
166
260
373
2102
658
245
564
794
561
282
332
863
585
1287
899
949
1234
1581
2787
1039
224
1618
316
503
528
3756
116
12
484
447
151
3583
2079
471
360
1363
595
325
603
437
344
247
1076
304
194
631
124
1032
606
321
880
148
91
312
491
271
685
4641
185
2686
655
521
733
241
528
489
398
600
2444
656
4904
3241
44
218
2090
246
192
4060
2173
507
1042
864
86
805
499
669
627
246
1347
4303
4339
839
1535
911
1611
396
4024
612
850
1033
202
618
275
584
1095
100
781
8
1068
199
2016
33
1879
443
240
250
491
2862
648
1003
554
277
117
177
2193
1000
1011
3118
1224
552
218
425
145
447
1388
191
233
1981
228
516
579
2390
66
727
3269
299
212
822
7438
1009
902
1082
1953
361
319
2885
1098
307
500
601
63
705
191
424
2205
339
2225
753
129
1971
1924
262
3252
605
341
97
78
525
11864
1727
4628
181
37
817
548
2143
1079
744
668
1102
236
5266
2390
414
9919
797
268
900
364
428
644
892
115
141
1052
855
143
433
354
387
853
690
855
2004
1940
128
715
413
294
548
415
542
1324
307
7681
168
1163
662
81
291
1135
551
335
366
37
829
1344
774
82
2796
386
4371
128
989
630
1028
322
1050
59
457
690
2470
921
143
2395
2093
737
258
1829
704
142
954
847
894
1501
174
615
658
537
1301
663
835
2978
895
1005
593
399
2070
2599
3529
416
550
1982
1151
132
1881
622
1083
7195
447
1607
4615
295
245
8667
10820
344
2925
1418
331
1133
132
402
3036
139
728
2386
409
3203
276
1275
2080
806
291
353
203
463
931
513
9303
120
4910
653
493
3548
89
7440
122
1118
3828
983
112
5298
615
394
1848
1525
5315
142
841
666
3280
1537
6492
213
410
478
206
3507
1441
375
2855
670
8
7266
933
717
366
10262
192
146
2486
377
903
219
411
384
123
1905
3437
240
389
999
63
3108
463
118
1259
313
510
498
2453
2222
567
201
863
521
5243
633
495
1294
858
218
336
243
871
317
761
657
281
568
3302
666
325
746
486
12313
405
926
481
1160
496
152
89
1752
267
22144
207
352
12140
123
405
532
2627
1981
2067
138
1699
948
3450
348
784
688
291
1460
1117
648
1427
603
522
314
1041
1121
430
553
1032
117
2797
151
71
177
1446
576
1487
2161
818
441
662
169
2880
975
178
791
244
73
491
371
259
287
928
619
1960
346
1778
243
1079
727
653
1051
2851
998
407
10357
383
745
186
1096
2325
333
1520
2151
4576
1165
402
888
332
1518
576
4821
685
262
231
484
770
1107
594
849
33
697
1377
117
614
8250
179
850
125
203
635
185
219
1181
213
6558
248
1526
812
2451
291
789
725
274
385
659
2654
1408
93
862
1187
1508
1009
2326
787
385
11063
179
103
7072
232
112
173
392
1069
484
1029
1224
761
8326
323
404
2048
443
138
257
820
677
63
509
391
6415
1137
354
328
1698
1205
2315
339
1434
246
141
1332
131
226
967
44
438
347
431
1720
185
398
706
199
325
404
384
68
304
284
256
221
906
350
623
167
1205
1037
457
1271
199
2325
827
1239
5755
255
1921
145
565
426
291
443
297
3922
767
409
37
321
107
321
1267
453
481
100
323
462
430
303
12
1445
961
266
831
1073
1252
3000
3506
96
8496
129
332
861
6932
540
503
179
880
919
168
681
1616
118
502
388
86
5863
585
523
12142
308
3832
658
288
1233
551
2887
639
599
387
497
421
1628
685
383
273
141
762
462
168
521
873
71
431
541
10714
7646
698
4372
429
1919
210
158
1601
4254
65
142
730
319
370
529
1039
308
428
802
802
1498
430
211
37
387
248
5773
529
552
240
623
288
272
879
2709
568
669
155
873
1861
395
352
475
1376
1401
676
59
2154
1549
365
412
84
418
742
1439
1317
439
2511
447
15802
330
670
459
1884
581
345
491
131
829
999
481
402
81
845
1660
2602
349
331
12
485
262
4150
1628
2435
417
551
733
33
757
1407
240
915
7408
3622
1231
513
229
850
133
1015
540
1434
1025
909
98
1012
1159
86
2380
431
358
1105
2358
541
3131
134
1322
3777
195
323
176
11486
89
515
250
173
814
13398
827
252
1232
1582
734
640
693
1942
326
3229
223
3198
566
1132
919
1525
228
448
14713
377
912
611
1128
597
400
1392
1718
625
20245
925
7215
941
639
341
1025
438
728
908
126
806
482
314
373
1204
966
271
255
3016
5366
1810
3351
1030
714
894
781
436
2148
58
444
787
301
584
1087
2512
1031
203
123
1862
677
264
289
1568
448
466
2493
3602
2419
100
440
282
118
2400
754
596
2118
310
4852
1304
563
448
185
1176
395
630
65
703
862
167
447
2686
85
1177
6456
642
289
1275
379
382
178
168
879
212
4507
2503
1963
853
1370
416
366
78
90
625
2405
1696
460
123
162
358
786
483
197
1220
1293
126
595
232
800
51
486
240
8496
4215
2132
397
287
645
355
871
728
691
409
349
409
1931
509
134
3389
1403
348
148
5169
615
2287
78
334
338
559
240
223
1117
966
1024
1091
379
693
378
542
258
422
1129
1211
150
391
2307
59
409
257
275
404
151
503
686
1005
1282
637
382
2347
684
2804
287
968
486
602
378
397
330
939
66
250
1957
1016
376
149
252
407
504
171
353
355
467
434
421
1347
3383
2807
317
219
1253
993
142
1359
135
353
589
105
291
441
7950
302
524
162
164
821
1124
397
631
1908
937
1491
496
3214
518
1944
341
306
3930
168
281
541
584
2380
1381
1538
1662
143
1974
1646
434
569
402
106
463
151
99
699
475
840
354
1125
302
267
704
352
3126
645
1399
257
342
5395
447
1520
263
791
328
321
384
413
248
4038
437
511
406
1731
369
369
2319
258
3274
4377
316
1994
244
2941
470
1260
399
1301
7111
433
127
141
1371
3220
1740
560
487
560
339
33
143
728
1112
74
226
197
1145
285
330
9793
885
1079
530
2954
382
413
394
550
446
185
2096
14538
138
126
538
401
401
901
238
97
791
997
401
291
340
679
291
640
5052
1760
358
297
570
2370
405
349
506
245
291
9818
684
2585
3814
305
221
1420
4748
1002
611
917
903
924
17499
629
4279
4353
357
1482
360
193
3292
3533
655
860
2160
2784
1223
645
7173
121
291
550
435
5331
1138
1136
358
323
60
409
990
1061
2645
10080
95
139
422
1183
513
360
974
307
2706
1049
257
1792
8
2390
408
974
2637
4180
3254
291
1000
326
1802
4607
1842
1800
851
1037
1687
1125
579
391
600
498
327
856
3302
3243
383
782
630
306
358
1386
298
1191
1062
441
2398
22831
806
2463
3064
14529
144
2556
397
836
1544
818
415
15145
170
786
2531
4874
135
604
3442
550
554
326
1109
526
2485
417
12666
2271
4335
840
578
845
1552
440
3863
131
642
176
342
1515
548
821
373
2602
297
926
3973
3688
1932
588
118
2895
168
407
338
976
574
764
205
1396
606
8
464
53
8771
203
844
4359
255
946
6265
603
1643
711
2063
93
82
397
151
1921
1181
254
190
1112
6630
455
1342
253
349
447
156
185
1502
887
365
864
742
8548
2078
5770
248
82
651
2826
930
422
252
1215
719
1294
1988
142
117
505
213
1148
1225
469
409
111
338
301
753
150
5944
206
308
797
471
1075
59
1179
686
355
99
566
322
1481
477
367
1620
120
1039
372
588
130
634
1562
573
237
171
557
118
307
212
227
546
766
1340
1345
589
500
203
851
238
4818
946
2717
10329
562
501
594
773
347
615
1661
107
606
867
1178
273
708
233
940
991
330
63
481
1468
1439
2042
117
751
374
829
1372
1035
388
2637
577
12
556
440
416
755
1621
540
350
604
101
640
804
3906
487
938
6529
759
179
328
250
2012
591
639
227
1343
2657
3565
1400
641
525
362
1103
260
389
363
1142
171
183
1071
304
112
287
861
1490
510
7732
3749
258
108
2924
848
456
284
857
680
1847
606
216
2099
3581
689
1015
219
20077
1768
901
17359
975
525
366
248
1460
46
400
337
177
879
9025
3850
355
2136
13983
68
345
252
160
5080
445
240
1239
1116
264
3069
783
252
666
1147
1506
572
619
107
398
789
1248
504
1325
392
184
2654
1386
944
891
1531
1944
1342
1055
129
469
53
291
280
1223
2541
124
111
124
2565
226
113
626
203
15741
376
191
227
1898
2063
404
264
976
1726
639
527
1794
489
765
274
1400
837
99
1180
1339
529
215
3002
2771
363
192
560
608
5192
300
65
4479
178
5262
215
3131
134
393
948
104
309
389
1546
1132
654
88
351
9901
6554
295
342
981
213
6394
307
426
967
64
260
914
59
301
64
750
1430
1386
215
210
6006
1193
987
5167
1346
562
7781
545
136
15611
9927
520
4719
1009
1386
520
37
2162
432
53
1158
1011
498
192
3254
74
355
489
2369
611
1736
333
295
715
960
33
521
551
388
415
522
4010
829
362
223
270
332
433
1145
695
816
483
437
215
480
475
6110
8
503
215
334
825
1445
365
656
37
685
388
1562
99
737
884
406
150
403
958
390
2958
193
266
1484
1026
1094
14756
205
79
1634
191
189
342
983
1010
1205
338
526
5243
4995
976
2230
603
439
372
480
44
2723
388
406
374
1634
1744
3527
120
1966
343
100
643
1140
169
199
1861
754
535
560
149
141
363
497
384
87
700
948
322
525
593
496
8
337
143
1544
4771
356
339
1118
272
361
199
1285
262
206
304
1127
498
2940
822
5519
1516
5136
959
668
3052
508
476
2094
2155
78
240
556
462
1760
872
77
8
2803
2055
770
244
871
609
896
1084
82
843
2815
265
239
302
159
159
888
542
261
131
1393
9916
314
175
1849
503
69
5583
398
293
118
1384
840
897
3335
155
160
2372
10898
2516
6788
2410
378
317
1093
548
1598
215
204
1076
1501
2273
2867
370
1740
118
198
1607
270
380
2868
860
397
267
380
46
426
323
3265
554
1344
346
569
1932
965
4174
1638
1663
13310
167
482
1112
232
106
524
210
553
1118
246
5578
489
83
343
1387
961
659
984
775
618
91
3707
342
7858
262
675
1799
162
491
549
712
342
383
1111
1012
343
710
436
396
9177
126
309
1069
3670
110
612
646
765
1617
361
279
829
548
4985
416
345
1272
13746
433
339
1819
401
803
1411
9807
12333
270
2322
1488
1021
814
296
1052
409
1180
193
549
338
616
2594
14148
395
678
2243
857
543
660
296
423
2172
312
214
2284
470
620
795
69
359
178
729
972
3936
390
313
735
624
469
10569
399
138
597
338
234
918
499
2652
2373
629
484
491
326
63
535
2409
327
238
288
271
418
81
2301
831
1806
389
1996
1607
12
547
599
9526
1303
550
417
325
341
3528
488
538
8574
211
252
831
44
183
12
214
309
2689
392
519
677
684
1353
123
713
1845
412
159
775
1510
1149
608
482
917
413
2008
2083
535
154
3891
1263
2938
251
3063
410
65
360
1926
396
15802
128
163
12
514
674
2249
2024
2576
2110
858
270
3821
371
1833
847
78
1984
382
398
207
727
919
374
691
291
721
554
2237
3038
2048
3746
519
3714
1039
285
569
1359
255
551
1440
630
3992
620
3734
428
684
91
11098
225
493
908
956
936
124
267
59
615
575
475
491
3685
234
410
447
419
11128
370
1462
2516
381
375
771
298
353
3276
323
1744
2225
549
496
385
4112
2388
1370
2471
506
490
467
245
475
562
1382
475
505
126
94
13915
2492
515
1219
457
1328
73
408
423
1029
282
414
1361
188
476
504
3522
284
3351
665
629
1142
357
679
323
839
446
188
500
614
2418
125
224
98
2374
1993
452
540
2520
389
665
461
415
1101
110
312
8
466
3849
6799
751
13140
1236
87
105
300
77
635
98
852
1056
1181
2952
1090
262
430
461
179
310
702
155
297
17772
463
2994
9045
710
33
4736
371
745
152
907
1057
2501
3699
2794
1718
724
450
2545
259
656
555
291
1192
2975
144
644
2446
327
1275
1198
392
1585
1405
342
1787
980
293
550
1039
1752
433
1282
232
1808
854
408
2358
287
229
3095
266
522
704
994
325
267
273
4014
8227
499
2514
2427
950
653
1024
230
214
1329
436
1514
917
316
6213
425
3925
294
790
537
135
452
470
1736
3484
244
489
3426
1313
704
7069
117
491
58
192
205
4035
2542
529
457
81
1362
447
1491
3208
1149
400
689
764
4312
884
293
1278
2629
1287
374
11143
654
899
2192
528
992
469
510
177
460
3072
488
257
1823
754
3167
1986
468
655
224
499
664
3803
3350
259
402
405
870
140
539
2409
615
140
141
165
933
399
2001
141
7000
828
1623
357
1528
409
331
99
586
1938
804
2904
407
426
169
255
1370
525
146
638
981
1388
5073
2376
3143
533
117
105
900
506
15053
504
454
652
244
687
366
365
501
765
1138
663
79
561
647
1074
297
763
463
352
288
260
730
1212
96
421
101
663
2746
464
2907
444
760
1409
450
1335
144
262
1497
695
1547
66
333
566
375
579
333
633
16640
67
112
53
796
244
254
315
1332
2591
987
382
8830
685
727
1975
555
338
1509
4176
296
1028
376
2537
267
358
186
2357
620
297
525
53
271
2807
412
126
33
420
236
12
1019
407
377
1180
466
315
115
1737
665
389
19572
1340
643
404
222
279
8
46
245
325
3616
286
3159
1083
555
623
529
643
521
4654
933
331
308
534
388
1038
2259
1573
95
681
603
692
576
12476
1082
293
1266
664
2084
109
239
4191
586
164
2244
797
33
18508
675
3043
451
600
452
1397
331
396
1290
113
10840
554
320
528
345
331
64
82
1380
1622
436
737
2536
339
97
439
626
6211
369
427
76
5410
194
252
1521
448
497
281
1636
934
451
1296
644
558
15535
563
450
618
48
258
832
585
1320
536
93
315
506
956
10210
3023
1180
2424
285
7523
206
404
497
364
120
102
289
4872
5853
279
1075
2406
121
8
656
89
656
471
82
886
402
1314
583
363
771
2853
879
14739
388
1274
1041
445
1545
1399
1472
122
345
1249
763
724
322
450
2762
561
727
709
413
2099
8
37
582
471
2444
379
3112
1233
1012
416
1011
2960
4174
1186
432
1025
2018
1012
287
640
824
893
80
536
2325
1487
511
403
963
295
154
943
312
452
312
795
184
113
375
164
1040
888
94
505
315
1494
1928
7383
85
329
290
217
605
3608
72
362
3897
284
1499
864
11149
420
589
899
388
623
564
849
860
111
741
825
719
1046
328
86
768
16658
266
840
79
310
266
555
339
945
2184
874
277
430
415
4094
1799
2101
186
1569
613
681
83
1849
801
378
271
4108
374
236
461
609
541
294
652
1440
58
1143
1066
1225
2584
222
918
709
643
145
424
467
1057
676
591
203
5021
3804
349
2424
1196
1646
1372
297
578
1921
605
1118
1112
501
3196
346
446
280
87
3447
376
605
202
3049
411
2628
1097
585
66
567
749
738
748
188
2017
443
262
1991
651
321
151
3865
912
959
874
1406
1911
587
1118
618
4792
3922
698
2300
497
1389
1167
300
3032
97
636
741
628
281
704
2548
630
192
240
269
447
1022
177
1849
950
12681
731
68
189
1088
197
811
161
511
69
1024
289
4436
487
4365
298
2374
883
1619
864
746
352
560
276
337
352
91
180
12
6576
616
300
144
342
714
616
224
1085
486
320
571
323
430
909
1196
212
424
453
2984
912
276
2762
1668
637
391
293
369
281
498
2304
68
556
642
180
1303
306
10530
168
33
1261
3293
1021
297
1122
112
1179
6325
236
1537
311
981
65
914
139
111
805
878
1013
432
65
138
270
955
2008
842
337
470
312
1826
321
1241
125
253
300
504
2607
521
494
6544
65
393
1448
458
2987
241
12
200
1179
862
2385
387
164
558
495
2387
154
513
261
330
1573
1469
444
4491
519
1151
77
418
218
308
737
313
3443
404
16152
8
166
377
394
1470
600
268
1694
626
840
683
957
222
1858
919
2132
860
593
419
617
2147
2084
560
341
179
1313
4753
193
1328
7094
872
760
1349
886
584
2178
69
740
474
179
604
481
899
8178
382
262
149
242
2381
341
33
74
538
2288
2140
447
211
188
1075
942
6053
563
715
3106
3873
770
513
46
2246
285
262
375
17221
793
358
4941
178
482
100
331
832
3008
1520
189
1460
311
388
2394
751
362
820
413
371
463
2906
100
44
261
438
270
1589
192
551
296
393
1087
13832
4915
7061
1667
2745
692
411
110
493
439
4126
3782
255
905
211
1853
1510
4263
292
589
407
1438
498
354
279
1246
158
856
10170
929
3140
836
128
845
183
5103
33
153
418
755
314
106
698
890
254
12616
1373
12
604
386
685
891
967
1938
777
17197
157
802
117
8
1805
4812
493
268
357
3047
447
203
649
1386
941
439
919
297
33
1161
496
553
112
489
245
1076
1488
1085
1841
87
1132
363
1438
349
224
220
583
499
845
1762
401
170
584
15716
2829
176
881
896
59
189
1007
1038
290
553
192
6214
665
1190
306
497
3635
1361
1013
966
12974
445
387
1281
825
178
14039
478
1755
271
474
1404
297
270
363
366
177
137
1534
2327
391
144
592
790
109
139
522
213
1131
614
1895
403
797
493
392
612
227
1178
373
419
840
340
602
752
1493
1184
165
5958
53
945
322
102
115
740
16596
61
1125
245
781
1519
851
470
12
754
1765
135
431
308
4084
338
806
2337
411
253
2667
2249
1406
1195
651
351
513
448
443
719
523
696
628
1949
290
2533
288
2624
678
95
321
413
283
707
184
46
399
262
462
503
5602
53
511
158
291
4860
182
2426
298
155
176
280
252
319
995
561
583
1429
81
405
263
814
8567
151
2225
1165
756
923
486
3049
195
390
460
73
854
646
53
408
447
618
308
396
117
17234
755
10855
481
628
110
227
3773
11683
3183
412
1047
1951
791
3142
4418
4147
293
165
363
1376
408
1451
159
304
244
128
2708
881
609
641
1057
455
1125
1884
1201
5221
342
1978
2366
256
444
291
1869
432
188
664
171
2811
2287
802
519
968
607
1213
602
763
971
1031
3905
585
1025
264
824
670
520
323
213
188
1891
534
581
287
86
1329
3001
266
634
3616
1193
314
358
644
142
3676
337
146
661
96
1012
321
340
2557
457
404
921
933
3367
95
1033
826
306
353
251
347
9348
104
964
97
568
8141
484
643
1008
445
2224
462
610
2354
2490
321
88
183
2431
390
2872
1793
73
1167
53
87
53
123
5646
346
675
297
654
404
1659
297
420
351
56
256
598
410
339
467
59
222
173
1070
4703
285
436
2773
429
757
488
378
251
82
438
549
554
1605
446
1132
66
4178
1185
390
175
854
319
688
883
426
451
4723
586
2969
371
630
787
570
422
749
927
609
256
852
1981
483
412
1395
228
245
1267
2454
2524
642
1501
2084
951
1057
675
1315
1224
484
604
773
33
468
310
772
3753
650
735
1016
454
432
65
591
1370
433
667
324
3264
1011
1529
762
317
447
360
3001
2035
332
222
1473
571
170
834
691
321
1331
304
834
3138
147
6835
3330
1198
78
799
15709
385
401
154
2653
907
3061
4834
386
243
328
444
162
265
873
2526
465
1748
1259
87
237
233
660
293
5411
1118
711
1039
402
383
1215
3609
522
188
511
2590
3267
140
504
2203
190
828
164
1528
2724
2865
442
509
170
211
1029
139
788
1972
262
1305
536
359
1240
1287
734
2200
5664
143
429
790
1419
211
475
617
821
698
246
374
4748
339
763
392
2161
585
627
635
667
934
443
436
178
391
204
2494
555
240
406
430
141
515
613
2672
2547
33
62
7985
4664
6510
155
442
256
621
824
1485
616
1694
289
1170
629
519
448
388
356
850
2449
717
9558
1564
920
438
76
5408
291
116
1470
129
317
421
590
69
939
384
866
209
1892
836
4377
1014
206
175
567
496
207
864
231
976
387
1150
697
44
5126
605
2679
291
2863
2835
382
171
65
413
717
1949
1006
1828
371
139
1501
1995
338
230
151
570
503
685
621
1000
114
554
422
1551
1373
91
856
11378
187
1005
113
198
367
740
1754
204
95
832
612
6618
2121
1595
105
389
1141
345
2860
2327
257
476
5068
9337
65
1768
911
817
266
3709
322
3232
1339
420
177
252
2850
257
436
390
410
3342
582
470
767
559
553
1042
997
250
332
250
227
1610
192
183
476
1284
701
1131
2735
825
99
338
275
383
2990
357
224
4003
790
905
514
1399
197
1400
206
2047
328
4770
5989
509
529
8739
438
406
95
888
2534
262
325
2405
1246
761
834
2636
594
2600
2467
216
1940
511
894
264
556
1417
418
3274
1032
1469
114
53
75
513
3150
682
448
621
1104
201
488
1675
972
149
1781
135
366
44
726
1769
832
2513
338
99
56
326
228
2350
210
1758
99
632
89
207
786
529
1166
3054
372
297
87
1244
287
4446
2453
385
3721
431
422
259
416
889
66
14518
339
360
3510
1762
609
401
607
455
217
2452
595
346
60
14988
4650
1113
1217
530
319
248
1386
1819
270
427
415
176
1278
2711
240
15462
994
1131
255
5974
2233
54
111
553
450
1491
214
493
260
589
864
298
2920
1107
896
1335
3235
326
178
160
141
598
75
232
138
895
1292
770
1440
467
1084
1361
700
552
1031
996
689
6006
474
255
81
1191
743
460
2389
3491
741
888
380
252
2577
498
111
117
360
2990
696
201
3120
946
769
1285
70
957
3198
485
289
838
380
518
599
488
33
767
581
264
2703
654
53
321
1808
409
1490
554
2714
738
1371
579
413
2076
564
716
803
218
417
3085
1272
1664
762
196
3026
486
2777
6085
2488
165
2058
561
314
292
692
3552
37
1087
298
5355
1332
909
545
602
468
384
317
98
417
226
118
125
542
1614
306
12
632
194
165
9603
1731
14245
355
505
1796
465
552
550
8145
123
325
404
756
117
871
390
392
360
394
463
3405
431
4114
416
255
694
432
222
485
1796
1703
250
179
633
257
885
388
377
388
412
168
33
1257
255
290
90
591
1773
2289
3124
1075
1744
320
491
307
471
2627
2094
1722
306
3184
653
148
701
402
262
1724
383
326
73
271
6097
401
17506
158
6565
288
1009
2270
646
224
402
195
1373
1148
3513
1176
443
689
2224
139
1154
486
33
8
1168
293
2500
1142
2564
797
181
681
240
748
455
1305
284
4283
2659
395
142
4559
1096
804
228
2058
263
306
2675
446
459
439
502
737
785
1107
1153
1121
2593
1197
1554
3888
887
2854
272
1760
1884
701
954
2208
158
410
261
709
380
698
327
494
226
288
658
180
958
141
135
596
77
760
499
540
791
231
1351
386
442
435
3921
1529
845
693
655
461
267
479
263
235
731
317
1012
733
700
874
480
587
1734
1118
1993
523
4027
6617
673
490
1735
855
1769
339
291
1224
359
392
7467
118
1219
382
647
2090
2095
291
1496
109
166
1917
67
82
801
542
300
3354
418
401
7481
150
469
855
743
2821
61
525
146
124
179
1104
318
354
1051
3110
529
823
3806
63
327
1166
830
1434
439
437
596
2344
2746
261
168
830
2708
1279
346
416
141
460
356
2986
454
857
1488
240
9218
257
246
228
350
809
138
515
646
2793
702
1320
431
6529
1553
1237
1838
2024
190
2104
1722
306
557
867
588
96
12
1677
4873
416
264
1189
1471
4204
745
678
68
73
216
1128
1173
289
369
274
981
370
306
599
688
273
519
175
349
451
952
3616
1349
1255
494
129
385
670
2131
428
3051
3652
847
286
481
464
593
935
591
413
369
385
835
1072
485
290
300
304
325
1702
3445
208
119
742
162
392
2438
466
310
257
607
117
1203
495
522
12
17475
235
133
745
1005
766
12
261
18721
827
3534
94
329
164
401
462
680
227
470
401
1093
6041
4428
240
1032
2027
339
1228
1070
410
886
64
3282
338
262
2565
1085
726
1494
683
8826
1790
1151
187
716
365
664
569
567
821
161
262
5141
117
3251
1135
555
846
4494
621
236
508
37
845
263
471
612
534
154
715
3563
470
8
855
8789
961
250
1050
270
323
3777
771
256
375
311
499
4949
554
42
2535
410
841
374
776
3175
262
46
1910
405
264
375
213
17160
380
912
498
423
453
257
659
33
701
232
420
438
5767
194
68
306
113
855
3819
104
213
778
575
291
826
752
497
432
8
384
107
673
461
3695
490
1883
125
3294
352
331
12449
2127
166
404
1028
185
78
325
175
448
167
213
3072
270
468
336
143
301
59
1037
302
1188
73
1713
433
978
4844
65
434
236
2471
393
8238
547
2042
240
134
333
248
727
735
307
502
262
2098
2596
767
338
1027
170
763
106
440
779
2534
1422
619
668
876
300
872
116
488
1831
90
168
7964
124
96
298
691
779
119
425
224
379
7083
12055
928
1590
794
928
357
1549
318
503
625
156
1932
1074
1256
317
741
396
263
9536
388
1265
431
119
528
11568
270
3495
262
424
37
3076
1137
975
456
184
14305
3269
5782
663
398
1623
908
928
8601
380
5620
3126
224
494
705
530
290
443
1086
4207
161
11587
2828
939
284
902
466
2883
538
713
1281
2001
991
446
314
418
626
253
1209
2259
607
414
3741
308
1068
580
278
747
282
2105
1985
461
486
386
2264
5230
775
463
188
994
1058
166
325
536
2784
742
1406
412
490
349
457
169
116
541
1353
405
93
205
1485
323
908
949
94
898
520
278
1084
915
350
8
240
4237
452
466
369
509
274
166
141
3659
3384
420
713
1631
164
213
748
7009
381
6200
291
909
637
2768
6767
325
150
451
195
3573
1458
1553
1343
528
272
4354
2002
1083
1232
330
541
158
2865
333
682
16435
195
2194
184
425
3065
597
262
11078
1708
325
1805
286
3921
3074
110
81
220
410
497
144
225
647
368
322
1708
744
2046
1169
277
161
332
53
1066
348
2119
231
186
166
230
944
625
567
885
68
262
1528
470
8507
295
8
765
1017
850
468
576
5294
92
711
825
369
1483
443
1339
2090
1035
3037
923
163
55
141
184
404
1445
483
292
1284
225
4583
2483
527
2694
1302
175
1786
1509
117
5633
436
306
1498
1187
8584
2315
2975
245
971
446
491
484
323
1810
158
434
476
854
899
505
16728
644
680
395
8
479
1001
240
5001
414
1285
1110
4460
609
618
9139
13511
637
421
1154
180
105
931
729
713
172
615
152
1858
662
1008
120
335
1133
90
448
424
2574
981
1153
184
3265
406
3619
56
1273
463
332
1288
484
944
124
732
417
246
1470
851
1440
487
7641
466
1544
84
116
991
269
708
3775
232
2228
11578
386
1148
495
1022
6095
925
46
297
216
4450
4757
451
3946
2157
168
442
799
1315
452
511
270
133
2014
4322
1526
529
219
531
453
542
333
2784
718
363
411
481
199
656
68
164
504
147
725
939
524
1111
1547
170
102
461
92
308
160
338
480
1633
469
175
2549
11455
4292
1568
383
852
434
2777
634
581
1184
1683
566
415
418
531
142
3234
1553
359
228
275
467
2249
53
246
886
555
774
401
706
1706
3306
394
1128
499
336
412
685
222
167
162
313
68
436
6690
2753
68
217
142
8914
3634
1301
360
470
255
8399
429
1186
256
144
5111
520
33
1742
42
141
308
2224
668
2331
994
1538
1165
1010
463
560
1422
914
191
376
389
354
33
6983
457
373
529
7056
1885
937
556
3335
334
205
1399
12
1098
1021
713
2986
583
674
322
290
8595
722
424
254
320
289
175
675
1315
583
88
157
173
919
711
276
12555
657
2254
412
224
897
166
429
354
321
896
113
885
321
176
511
956
132
314
176
3722
2348
1055
1362
281
480
1854
8736
1133
638
126
58
1086
928
406
472
255
392
308
511
15196
142
1211
551
513
1826
464
654
524
3948
4307
1531
2511
502
1214
578
1055
11410
554
264
1198
1140
1682
1239
12
1247
10567
96
562
105
2666
159
392
366
87
919
53
1827
392
7514
291
8691
1783
504
646
3078
831
2431
197
5908
1494
46
661
9283
13991
1640
309
441
298
705
65
1246
256
462
2478
965
977
631
5679
212
549
3218
100
460
1724
350
391
553
372
268
2802
4963
2006
906
499
527
2945
232
446
1678
419
3571
147
7324
505
2756
148
1485
899
3778
554
383
230
240
426
343
669
760
12045
207
742
499
970
763
561
602
8314
2807
897
2328
4184
2036
317
104
899
1252
143
2079
608
3812
1340
329
969
338
1099
151
1777
173
723
232
1234
675
782
365
4259
158
23011
10035
224
862
515
1430
216
204
676
2225
475
508
540
323
222
240
1032
999
2072
112
9261
2033
5210
166
396
332
950
323
219
900
471
285
336
434
386
630
441
457
829
150
222
588
532
575
957
92
597
2101
1330
842
315
490
12719
990
2885
1259
3044
63
3879
1190
77
315
492
172
664
269
335
1473
188
2571
108
383
846
277
15510
12
531
481
64
104
779
1030
603
3256
212
560
419
690
1460
503
991
771
336
2006
541
1967
937
298
668
340
8
484
101
389
383
202
1808
612
1199
541
359
272
589
299
299
168
440
956
498
555
2895
234
1363
1413
3286
797
307
16551
2086
82
77
548
987
1126
3690
14723
553
1004
282
1085
104
1440
44
412
508
277
281
383
613
157
789
411
594
864
1566
424
102
683
60
1813
167
293
345
302
557
151
450
2299
428
622
248
953
12
462
408
223
486
399
276
1048
1912
371
854
1076
1040
262
582
551
1584
9903
893
424
188
513
255
283
2320
150
708
1143
291
4754
1397
413
2223
418
521
2691
228
3998
1200
4578
400
862
804
1194
2993
1786
1215
523
191
789
2800
33
2091
240
8
162
656
529
116
3857
761
10195
69
1156
72
192
629
558
221
715
344
391
192
285
153
1624
225
641
3465
234
686
437
745
14562
97
1373
667
257
767
290
302
528
1497
412
277
1167
583
2441
163
331
258
37
413
257
561
11670
417
512
264
116
103
583
939
240
533
6162
285
78
480
33
870
1980
140
178
140
284
1342
578
301
678
138
289
416
448
448
526
1819
305
117
1008
250
250
522
3063
900
508
739
4084
89
350
1123
288
3366
904
1687
293
2348
255
1441
352
723
185
837
251
11944
2596
2334
285
356
1407
372
369
543
134
2796
1365
1593
532
335
9315
531
1132
413
646
110
443
85
454
1438
1700
327
129
376
253
12
413
695
2215
327
581
176
375
677
932
427
853
862
3864
389
514
2408
2224
274
257
1706
557
1178
1741
836
266
246
382
915
230
721
1168
409
3101
1444
168
827
544
423
437
1177
143
5140
2535
373
66
346
1504
362
1833
3187
119
260
2097
703
557
342
2894
85
164
102
288
434
594
620
1626
140
511
4142
3297
107
346
748
1806
341
411
135
316
832
1759
454
105
186
664
121
254
1417
9894
37
260
853
631
320
293
310
293
126
422
129
594
501
597
2762
2499
988
312
1333
1416
3110
382
404
4486
467
6262
1813
572
663
341
432
3029
4467
611
973
450
448
670
1648
2130
593
707
416
138
437
647
904
12
102
280
179
313
952
12
507
4189
1599
3453
107
1023
762
5562
559
306
869
433
680
159
42
891
431
795
1053
491
193
281
924
1958
555
308
338
7612
102
210
3286
4208
981
682
483
1202
810
471
260
92
566
1217
486
2267
287
1185
1212
820
1001
888
609
1331
1099
2334
583
147
879
3183
407
5532
1226
53
362
389
1998
397
769
126
299
270
872
726
1080
6376
1330
651
1823
102
333
504
3945
1893
284
24574
787
59
549
3937
476
98
339
641
262
559
1035
1545
789
901
1820
7672
847
219
2074
375
308
1834
290
496
100
59
1218
1796
13469
254
346
87
1759
270
289
9439
776
636
258
1090
377
257
677
549
2152
910
515
79
331
61
750
696
580
1108
2726
469
1998
781
3469
14213
405
338
491
782
5165
1200
1116
2559
1951
632
1169
2300
165
1267
4302
386
447
2834
722
659
44
667
250
265
1686
416
1408
248
1068
171
267
609
397
99
3166
1938
480
978
1151
316
7831
349
2665
1433
555
471
621
442
250
393
76
850
751
795
2538
445
756
719
33
1181
388
299
1271
4336
100
2952
1573
7450
352
722
155
99
502
2071
2550
770
2707
206
552
972
480
298
284
2051
989
111
688
612
853
443
103
664
895
292
1013
5071
433
6360
405
202
489
972
420
589
1156
919
641
2734
363
592
485
198
8785
413
261
418
295
1796
2882
592
309
1442
495
736
1418
352
167
589
331
533
503
840
3719
37
1226
1190
686
335
232
142
63
497
713
158
100
197
2983
602
85
1139
183
81
1001
294
284
530
795
673
297
474
1338
462
328
128
494
423
1007
411
452
8
286
3129
529
1352
1474
396
2509
110
279
1288
122
390
498
333
139
1619
5378
3159
316
52
255
561
2069
1473
111
1417
380
122
837
535
367
170
264
587
297
1151
631
3996
493
1039
1149
485
217
239
907
529
1407
7765
380
373
7323
960
2877
304
175
4643
551
2358
272
177
5429
422
2589
4465
959
881
250
116
2635
5208
13067
2689
396
756
1060
636
53
200
3015
479
105
10853
308
88
166
7008
313
96
566
573
37
874
375
203
3555
323
1531
451
505
190
122
9459
147
1275
635
194
7845
535
509
103
3127
1618
396
425
529
1735
316
431
297
312
291
466
8341
1189
2032
144
178
435
70
3100
294
2545
3108
1218
311
342
181
3091
352
1090
155
385
1191
1501
483
899
524
178
650
514
37
112
371
128
246
559
1015
787
106
2952
365
243
166
5560
1251
377
1039
574
94
542
1480
268
349
848
912
261
1473
261
851
242
427
150
309
514
409
342
266
33
428
418
1155
886
300
37
653
2461
933
556
1075
431
444
87
139
733
304
409
652
285
1393
358
859
379
7518
383
598
523
190
80
1082
844
278
258
321
1789
113
105
498
496
2217
343
975
1967
3531
3437
596
1841
7673
316
498
385
1630
436
315
4865
12
407
346
305
477
2986
4558
487
8192
380
3725
460
85
102
4493
114
327
1237
498
745
435
1091
433
566
325
1950
746
7192
446
6118
286
44
6294
725
8795
146
158
2458
346
526
573
475
535
3224
290
1118
399
3949
550
382
2299
1296
986
288
883
51
299
1130
972
580
920
711
461
462
484
167
181
903
769
973
8362
2015
321
434
67
3487
1892
37
441
844
97
200
1388
483
342
68
374
46
4042
291
574
984
890
210
315
427
723
1105
271
620
2810
47
111
314
662
144
437
389
413
508
4306
125
430
851
189
217
472
86
232
3638
7368
1233
136
1092
688
1738
611
380
464
6765
156
4032
1653
326
295
1083
802
4821
1830
1110
3031
1283
393
396
186
3577
46
444
835
502
485
310
254
4248
1097
369
542
298
431
363
160
388
497
226
746
213
325
354
325
1384
7431
890
303
212
400
2360
231
1576
3085
12038
112
2415
306
421
338
339
798
598
751
512
857
850
92
37
984
402
173
144
213
1107
632
401
539
1355
381
225
608
662
308
272
203
1531
282
11136
3541
747
397
262
3642
53
2700
227
355
821
1819
12877
490
123
429
972
977
917
436
216
840
831
915
2683
1019
164
1777
469
4636
375
358
5058
1230
88
2652
1423
432
226
8
3179
155
655
584
125
2817
303
10893
3542
4370
269
353
261
603
1092
658
303
120
37
1489
434
5610
817
1130
1219
1325
2099
427
956
118
539
453
2003
966
3964
318
425
1557
3882
110
554
413
410
559
620
1079
340
89
2202
4550
640
4786
1125
719
287
397
356
101
341
354
623
514
8417
142
844
37
1019
2588
389
4223
2487
255
61
376
583
1729
748
1925
708
1411
3857
1116
1540
1309
115
873
228
225
46
272
1284
928
5456
702
3433
61
679
757
1540
1309
385
300
91
12054
262
494
988
1246
350
3340
1231
1056
523
377
33
427
266
1389
131
257
305
834
354
1429
971
1754
123
394
205
298
653
278
375
339
438
2651
741
447
2267
523
535
1097
2751
529
151
458
112
550
579
323
4583
3129
1332
571
458
351
204
4640
1108
396
399
356
2117
219
416
902
2363
2382
366
261
691
1429
491
403
862
250
790
2634
952
465
213
358
764
2907
259
767
319
1077
976
1521
385
423
491
1159
3560
647
747
2571
7525
325
142
292
1050
397
452
231
1570
101
226
3167
4909
3619
514
4279
2024
623
2617
730
721
885
129
539
410
846
302
3812
622
1834
636
460
1176
375
710
689
282
705
100
424
450
686
644
497
33
939
722
2154
123
205
163
591
1165
1329
1011
746
3723
1326
2488
585
872
1875
668
722
1179
6905
394
551
412
462
336
4963
643
490
574
132
458
412
488
81
1450
666
897
754
647
3049
466
1056
2001
423
2019
366
811
409
1126
758
1439
63
313
1201
76
2630
66
281
297
297
416
191
545
960
919
691
413
988
561
1643
213
155
446
257
1125
136
1331
1345
215
106
105
263
6245
4260
81
448
1594
595
1398
11002
8484
1012
1346
731
908
644
765
1692
1079
1205
619
1366
970
288
2344
2342
1246
524
321
583
1871
134
321
1192
597
323
301
11721
730
333
63
119
2876
597
1311
954
5771
677
1109
972
579
1549
297
186
518
426
3870
634
411
333
1638
416
3903
412
886
309
701
638
643
574
378
102
330
116
3811
2658
3992
8325
1510
133
804
1172
385
1257
37
135
405
316
523
820
69
4543
340
93
800
2342
731
334
11140
170
554
1191
340
2491
272
104
3972
375
919
2320
1634
2697
73
150
1286
88
991
260
229
461
169
118
464
13393
5053
2633
60
1172
363
485
135
455
6119
469
430
389
268
249
1493
1237
2236
2355
197
2712
1469
1075
288
443
226
103
973
330
1558
3659
355
373
1450
259
240
1413
292
128
1089
2249
143
1129
367
1029
926
927
2006
477
338
1097
281
587
621
3546
319
3095
5453
1940
2224
568
331
266
434
421
421
376
178
572
434
1375
1132
674
308
297
1602
6545
405
751
1204
342
1336
992
416
431
828
296
298
2360
3462
519
1495
93
257
2794
6925
522
3506
240
176
318
664
945
555
272
4249
1854
52
515
636
1106
5070
222
267
3228
1352
343
63
10270
3204
81
509
680
355
238
216
1075
695
8
924
395
223
507
717
509
221
3380
291
1032
1996
3695
1023
3029
418
994
571
2744
2567
294
1980
409
109
386
401
305
194
5184
1154
195
388
483
1152
1446
193
506
1833
1346
447
5157
240
189
261
448
394
208
527
5121
176
496
406
489
240
740
3984
416
254
2126
421
1901
382
81
46
103
262
2813
487
775
1534
1724
1067
139
225
142
175
193
345
87
174
1416
1554
500
649
916
456
131
321
676
2244
1575
279
791
380
304
303
4225
427
2136
263
768
1624
495
426
375
19043
619
288
694
728
1370
4842
358
1053
513
1813
274
3719
162
292
120
115
380
237
1315
2050
8625
2556
186
466
566
534
386
879
480
1419
342
1853
3287
404
326
395
847
352
427
6797
366
395
2210
15595
8346
1779
299
827
1655
2954
3777
3817
261
1171
822
205
994
761
370
1885
563
438
730
1728
403
142
467
8310
402
4816
360
1272
526
315
65
476
649
483
1543
421
416
1484
2752
331
698
154
225
717
1228
2608
624
167
2321
1327
1366
1145
625
609
369
254
685
480
112
416
569
1819
2683
210
3455
946
323
636
3187
104
1382
1278
2400
1081
264
2042
535
253
4860
304
427
1493
995
250
81
1098
174
1438
347
2042
657
1338
888
570
174
554
291
1284
1196
863
1764
324
2542
1000
470
1310
3013
1510
378
521
662
915
469
289
410
14008
1252
184
220
6050
184
486
2490
498
418
198
211
8
979
4422
311
681
748
344
1620
213
634
258
340
1939
1561
1492
7722
702
175
1300
308
12486
701
2558
371
1570
194
1478
389
617
614
761
621
1013
222
2424
60
2507
1270
564
3423
706
419
609
1421
1201
296
926
1709
587
304
541
653
494
712
897
6294
1159
85
683
251
534
976
340
367
104
541
87
215
145
578
1326
76
1356
141
522
1402
1277
277
484
